%YAML:1.0
---
type: IMU
name: dof9
Gyr:
   unit: " rad/s"
   avg-axis:
      gyr_n: 1.2863346079614393e-03
      gyr_w: 3.6009359675890065e-05
   x-axis:
      gyr_n: 1.2471725735642388e-03
      gyr_w: 4.4679216713455270e-05
   y-axis:
      gyr_n: 1.2455046473820795e-03
      gyr_w: 4.5271678500230556e-05
   z-axis:
      gyr_n: 1.3663266029380003e-03
      gyr_w: 1.8077183813984365e-05
Acc:
   unit: " m/s^2"
   avg-axis:
      acc_n: 1.5518791653745640e-02
      acc_w: 7.5960548677204509e-04
   x-axis:
      acc_n: 1.3603126810690759e-02
      acc_w: 8.2530585494797746e-04
   y-axis:
      acc_n: 1.3311830535705319e-02
      acc_w: 5.4767079530253964e-04
   z-axis:
      acc_n: 1.9641417614840839e-02
      acc_w: 9.0583981006561840e-04
