data = [
-0.358018, 3.141134, -0.202902
-0.473520, 3.224017, -0.250154
-0.603486, 3.324839, -0.272169
-0.756650, 3.407998, -0.328326
-0.912080, 3.529043, -0.349264
-1.101115, 3.628163, -0.416776
-1.043579, 3.136428, -0.363850
-1.193021, 3.217711, -0.406993
-1.326483, 3.314549, -0.448481
-1.251573, 3.002015, -0.400854
-1.363145, 3.070686, -0.440181
-1.465978, 3.136478, -0.481335
-1.399214, 2.982532, -0.429489
-1.479342, 3.041209, -0.461480
-1.542695, 3.097489, -0.504475
-1.498319, 2.949824, -0.462745
-1.556539, 2.996054, -0.506395
-1.453144, 2.860154, -0.485791
-1.501375, 2.913038, -0.519031
-1.553651, 2.967625, -0.552337
-1.505386, 2.856386, -0.555298
-1.556814, 2.907845, -0.586866
-1.535548, 2.857352, -0.593464
-1.585443, 2.905097, -0.630558
-1.544629, 2.840089, -0.639878
-1.590644, 2.880996, -0.687860
-1.636526, 2.926419, -0.732995
-1.633111, 2.873325, -0.741082
-1.679647, 2.916845, -0.797646
-1.657149, 2.797256, -1.034932
-1.589513, 2.724111, -1.029632
-1.624587, 2.751576, -1.098027
-1.667876, 2.787573, -1.164411
-1.613336, 2.740198, -1.159833
-1.657581, 2.771571, -1.234574
-1.692890, 2.797630, -1.306670
-1.646894, 2.772761, -1.313624
-1.697150, 2.796937, -1.388397
-1.735065, 2.829604, -1.466983
-1.700068, 2.784693, -1.487427
-1.749895, 2.810343, -1.565148
-1.800082, 2.855362, -1.629626
-1.848542, 2.881255, -1.719552
-1.917064, 2.916264, -1.820833
-1.807610, 2.774975, -1.775936
-1.859282, 2.805798, -1.866781
-1.920803, 2.840918, -1.958688
-1.872231, 2.777986, -1.918808
-1.931657, 2.807296, -2.013924
-1.997487, 2.834406, -2.103613
-1.958702, 2.791259, -2.083633
-2.021624, 2.833038, -2.165332
-2.087047, 2.850709, -2.263280
-2.131648, 2.905370, -2.355316
-2.196165, 2.933260, -2.450065
-2.158562, 2.892056, -2.416447
-2.221317, 2.935918, -2.510336
-2.275602, 3.006704, -2.580969
-2.332060, 3.017723, -2.685821
-2.312053, 2.969984, -2.676349
-2.378384, 3.015656, -2.760472
-2.439059, 3.072526, -2.839850
-2.494373, 3.102005, -2.932848
-2.485615, 3.091207, -2.926948
-2.550044, 3.135349, -3.018133
-2.614437, 3.163964, -3.121636
-2.672517, 3.220986, -3.192577
-2.634151, 3.164665, -3.173493
-2.687801, 3.215666, -3.253961
-2.750457, 3.260092, -3.350621
-2.808418, 3.309967, -3.438825
-2.802416, 3.285025, -3.447440
-2.863787, 3.328296, -3.533831
-2.928488, 3.377811, -3.618563
-2.996076, 3.420810, -3.718177
-2.978193, 3.400894, -3.709344
-3.043615, 3.449316, -3.799187
-3.113085, 3.485717, -3.888973
-3.180303, 3.529078, -3.979232
-3.255415, 3.574882, -4.080296
-3.246661, 3.592182, -4.059000
-3.315645, 3.631213, -4.158970
-3.377144, 3.672977, -4.254122
-3.456757, 3.720195, -4.349884
-3.456537, 3.752740, -4.379698
-3.530137, 3.812439, -4.456005
-3.612906, 3.857964, -4.539093
-3.681005, 3.900482, -4.642117
-3.745218, 3.925617, -4.748484
-3.820692, 4.007072, -4.779389
-3.863076, 3.811734, -4.853465
-3.938634, 3.880712, -4.924018
-4.023844, 3.884553, -5.041261
-4.085503, 3.956514, -5.109787
-4.115560, 3.927851, -5.163410
-4.186279, 3.991968, -5.242221
-4.255830, 4.017228, -5.366191
-4.357544, 4.040783, -5.478917
-4.446610, 4.035033, -5.603116
-4.503072, 4.117029, -5.677757
-4.564939, 4.108106, -5.830947
-4.657627, 4.160542, -5.910574
-4.764629, 4.165788, -5.978819
-4.823534, 4.181236, -6.146888
-4.931522, 4.173820, -6.257937
-4.987970, 4.183839, -6.383061
-5.128968, 4.278679, -6.383009
-5.207429, 4.289808, -6.549578
-5.304713, 4.316218, -6.685163
-5.403392, 4.313594, -6.744186
-5.451683, 4.397313, -6.895952
-5.593012, 4.390107, -6.967420
-5.684177, 4.418163, -7.091960
-5.736012, 4.412924, -7.176705
-5.838288, 4.479840, -7.321671
-5.971843, 4.478850, -7.362333
-6.009123, 4.509270, -7.502705
-6.114329, 4.651125, -7.931926
-6.204020, 4.636204, -8.021989
-6.271570, 4.676621, -8.154553
-6.364428, 4.665698, -8.252478
-6.437555, 4.645162, -8.390485
-6.551571, 4.683916, -8.461041
-6.645296, 4.767080, -8.502715
-6.717033, 4.731133, -8.647077
-6.792968, 4.768432, -8.748159
-6.902205, 4.779360, -8.859981
-6.956657, 4.769331, -9.021949
-6.923738, 4.788443, -9.131829
-7.039013, 4.777981, -9.209121
-7.145008, 4.779243, -9.315063
-7.243244, 4.803523, -9.433204
-7.323928, 4.814272, -9.588177
-7.423164, 4.833704, -9.699520
-7.550355, 4.828362, -9.783993
-7.554646, 4.854363, -9.936439
-7.616090, 4.853965, -10.095295
-7.729383, 4.865315, -10.222433
-7.815021, 4.845097, -10.352679
-7.892801, 4.842544, -10.497755
-7.930196, 4.924919, -10.671773
-7.993504, 4.950215, -10.803799
-8.044574, 4.944621, -10.973360
-8.160652, 4.949376, -11.088290
-8.218960, 4.979660, -11.204111
-8.293931, 5.007677, -11.400899
-8.365047, 5.032682, -11.544973
-8.438462, 5.052540, -11.669670
-8.516993, 5.062051, -11.825568
-8.579068, 5.051514, -11.900620
-8.655302, 5.071720, -12.034674
-8.708792, 5.080297, -12.174710
-8.769824, 5.095285, -12.316662
-8.824713, 5.153330, -12.487402
-8.902364, 5.154038, -12.611744
-8.969651, 5.186761, -12.745054
-9.011129, 5.194157, -12.882927
-9.085785, 5.217093, -13.010991
-9.154213, 5.246836, -13.126097
-9.202866, 5.264647, -13.277113
-9.242418, 5.279861, -13.392431
-9.290105, 5.286448, -13.536833
-9.335736, 5.317935, -13.694262
-9.402888, 5.336965, -13.820351
-9.449422, 5.352074, -13.965330
-9.500249, 5.360879, -14.093052
-9.512679, 5.375435, -14.218327
-9.528369, 5.391254, -14.342845
-9.576109, 5.422999, -14.475693
-9.633449, 5.446183, -14.600660
-9.671765, 5.464659, -14.723632
-9.681804, 5.466761, -14.865827
-9.736589, 5.516385, -14.989932
-9.763338, 5.507459, -15.124111
-9.777295, 5.540143, -15.228458
-9.797405, 5.547869, -15.374175
-9.826606, 5.608578, -15.483005
-9.857395, 5.620311, -15.609292
-9.866564, 5.638845, -15.723158
-9.878943, 5.665633, -15.843181
-9.938057, 5.689874, -15.967324
-9.958098, 5.722329, -16.077165
-9.958351, 5.734843, -16.193156
-9.979218, 5.759985, -16.320644
-9.967565, 5.792114, -16.414451
-9.953742, 5.818892, -16.523105
-9.970709, 5.836871, -16.637534
-9.944052, 5.835281, -16.745510
-9.941838, 5.855942, -16.863109
-9.937408, 5.898887, -16.967108
-9.919906, 5.916538, -17.079387
-9.907443, 5.927672, -17.183083
-9.895096, 5.962287, -17.292613
-9.870075, 5.978145, -17.391137
-9.856432, 5.993646, -17.507228
-9.835220, 6.018851, -17.612227
-9.806618, 6.009741, -17.720882
-9.787824, 6.023188, -17.832270
-9.766749, 6.045965, -17.932829
-9.721151, 6.030788, -18.042675
-9.699137, 6.060766, -18.146521
-9.672804, 6.071788, -18.257266
-9.634014, 6.080958, -18.352149
-9.607987, 6.097439, -18.451895
-9.567002, 6.095244, -18.553273
-9.533111, 6.109370, -18.658974
-9.496500, 6.118089, -18.754743
-9.456634, 6.130534, -18.854783
-9.420253, 6.145823, -18.951620
-9.356680, 6.162717, -19.049051
-9.318829, 6.182807, -19.149324
-9.265070, 6.190335, -19.243278
-9.226087, 6.203515, -19.337473
-9.178056, 6.214321, -19.425185
-9.120230, 6.221323, -19.507965
-9.065763, 6.225809, -19.613535
-9.005689, 6.245725, -19.686062
-8.955857, 6.249101, -19.780403
-8.888531, 6.259081, -19.871533
-8.842558, 6.276634, -19.939534
-8.781768, 6.286361, -20.026325
-8.727359, 6.305105, -20.105862
-8.666487, 6.318908, -20.195542
-8.602598, 6.327741, -20.267056
-8.537381, 6.339899, -20.344450
-8.466524, 6.348558, -20.433432
-8.388648, 6.353366, -20.507708
-8.326110, 6.364575, -20.593508
-8.253219, 6.369957, -20.667499
-8.189647, 6.394941, -20.743527
-8.110311, 6.399577, -20.831896
-8.025270, 6.396409, -20.903042
-7.948756, 6.414805, -20.977815
-7.876660, 6.417524, -21.057447
-7.794677, 6.435610, -21.144472
-7.713142, 6.442876, -21.210681
-7.627210, 6.447326, -21.282825
-7.554179, 6.469825, -21.350525
-7.458086, 6.443936, -21.403872
-7.373104, 6.447848, -21.483491
-7.281758, 6.463255, -21.553980
-7.200138, 6.485978, -21.621847
-7.103639, 6.483891, -21.687247
-7.006534, 6.488979, -21.754792
-6.911732, 6.509033, -21.824633
-6.838253, 6.515733, -21.881669
-6.740215, 6.507973, -21.949641
-6.640684, 6.520923, -22.009787
-6.545390, 6.540489, -22.077796
-6.456410, 6.549179, -22.140802
-6.348445, 6.563035, -22.188406
-6.252292, 6.571909, -22.244176
-5.529682, 6.634588, -22.629502
