%YAML:1.0

#--------------------------------------------------------------------------------------------
# Camera Parameters. Adjust them!
#--------------------------------------------------------------------------------------------
Camera.type: "PinHole"

# Camera calibration and distortion parameters (OpenCV)
Camera.fx: 621.00116464
Camera.fy: 620.31963205
Camera.cx: 304.11722651
Camera.cy: 261.83678561

Camera.k1: 0.06817296
Camera.k2: 0.39758222
Camera.p1: 0.01149682
Camera.p2: -0.01188402
Camera.k3: -1.32573633

# Camera resolution
Camera.width: 640
Camera.height: 480

# Camera frames per second
Camera.fps: 15.0

# Color order of the images (0: BGR, 1: RGB. It is ignored if images are grayscale)
Camera.RGB: 0

# Should be proper D345I
Tbc: !!opencv-matrix
   rows: 4
   cols: 4
   dt: f
   data: [0.99996271,  0.00171691, -0.0084639,  -0.02663461,
         -0.00181009,  0.9999377,  -0.01101452, -0.00839444,
         0.00844446,  0.01102943,  0.99990352,  0.01254843,
          0.0, 0.0, 0.0, 1.0]

#D455
#https://github.com/UZ-SLAMLab/ORB_SLAM3/issues/28#issuecomment-830994065
#Tbc: !!opencv-matrix
#   rows: 4
#   cols: 4
#   dt: f
#   data: [0.99996271,  -0.00171691, 0.0084639,   0.02663461,
#          0.00181009,  0.9999377,   0.01101452,  0.00839444,
#         -0.00844446, -0.01102943,  0.99990352, -0.01254843,
#          0.0, 0.0, 0.0, 1.0]

# Another variant ()
#Tbc: !!opencv-matrix
#   rows: 4
#   cols: 4
#   dt: f
#   data: [ -0.999972, 0.00193326, 0.00728582 , 0.0107000041753054,
#           -0.00192006, -0.999996, 0.001819, 1.2732925824821e-11,
#           0.00728931, 0.00180496, 0.999972, -2.91038304567337e-11,
#           0.0, 0.0, 0.0, 1.0]

#Tbc: !!opencv-matrix
# STOCK?
#Tbc: !!opencv-matrix
#   rows: 4
#   cols: 4
#   dt: f
#   data: [0.0148655429818, -0.999880929698, 0.00414029679422, -0.0216401454975,
#          0.999557249008, 0.0149672133247, 0.025715529948, -0.064676986768,
#          -0.0257744366974, 0.00375618835797, 0.999660727178, 0.00981073058949,
#          0.0, 0.0, 0.0, 1.0]

# IMU noise
IMU.Frequency: 400
IMU.NoiseGyro: 0.0032101
IMU.GyroWalk: 2.24532e-05
IMU.NoiseAcc: 0.0223046
IMU.AccWalk: 0.000418772

#--------------------------------------------------------------------------------------------
# ORB Parameters
#--------------------------------------------------------------------------------------------

# ORB Extractor: Number of features per image
ORBextractor.nFeatures: 1000 # 1000

# ORB Extractor: Scale factor between levels in the scale pyramid
ORBextractor.scaleFactor: 1.2

# ORB Extractor: Number of levels in the scale pyramid
ORBextractor.nLevels: 8

# ORB Extractor: Fast threshold
# Image is divided in a grid. At each cell FAST are extracted imposing a minimum response.
# Firstly we impose iniThFAST. If no corners are detected we impose a lower value minThFAST
# You can lower these values if your images have low contrast
ORBextractor.iniThFAST: 20
ORBextractor.minThFAST: 7

#--------------------------------------------------------------------------------------------
# Viewer Parameters
#--------------------------------------------------------------------------------------------
Viewer.KeyFrameSize: 0.05
Viewer.KeyFrameLineWidth: 1
Viewer.GraphLineWidth: 0.9
Viewer.PointSize: 2
Viewer.CameraSize: 0.08
Viewer.CameraLineWidth: 3
Viewer.ViewpointX: 0
Viewer.ViewpointY: -0.7
Viewer.ViewpointZ: -3.5 # -1.8
Viewer.ViewpointF: 500

