cam0:
  T_cam_imu:
  - [0.06657856165189369, -0.32638884883682934, -0.9428879119404041, 0.08225239708772863]
  - [-0.02824882589680222, 0.9439892610683258, -0.3287647773456416, -0.10672722607496424]
  - [0.9973812204788188, 0.048524162462081744, 0.053629345451313704, -0.04700040578104183]
  - [0.0, 0.0, 0.0, 1.0]
  cam_overlaps: []
  camera_model: pinhole
  distortion_coeffs: [0.008451748536780433, -0.008405841316301182, -0.001996018371668259,
    0.00035084324295129416]
  distortion_model: radtan
  intrinsics: [381.2969779674194, 383.0543728967688, 320.09008913240496, 235.07108556891325]
  resolution: [640, 480]
  rostopic: /camera/infra1/image_rect_raw
