cam0:
  cam_overlaps: []
  camera_model: pinhole
  distortion_coeffs: [0.008451748536780433, -0.008405841316301182, -0.001996018371668259,
    0.00035084324295129416]
  distortion_model: radtan
  intrinsics: [381.2969779674194, 383.0543728967688, 320.09008913240496, 235.07108556891325]
  resolution: [640, 480]
  rostopic: /camera/infra1/image_rect_raw
