cam0:
  T_cam_imu:
  - [0.9885649295204134, -0.0877676595982944, -0.12262225756745149, -0.02289943115945818]
  - [0.10716951748542856, 0.980979636822936, 0.1618445138417782, 0.07584751919539566]
  - [0.10608522349621041, -0.1731351785957407, 0.9791680832668008, -0.0806352482153325]
  - [0.0, 0.0, 0.0, 1.0]
  cam_overlaps: []
  camera_model: pinhole
  distortion_coeffs: [0.014400789164928342, -0.012762199416532739, -0.002900600108966052,
    -0.0007248022988113009]
  distortion_model: radtan
  intrinsics: [313.9608717237686, 314.7159482738245, 319.54194041339355, 239.52890435530736]
  resolution: [640, 480]
  rostopic: /camera/infra1/image_rect_raw
