cam0:
  T_cam_imu:
  - [0.9992388187788414, -0.025954633384049776, 0.029122844149651436, -0.01970023351778659]
  - [0.02587077654266056, 0.9996600039857785, 0.003252591617850455, 0.003018595083008139]
  - [-0.029197362321707106, -0.002496685212908488, 0.9995705480837268, -0.004112312975807544]
  - [0.0, 0.0, 0.0, 1.0]
  cam_overlaps: []
  camera_model: pinhole
  distortion_coeffs: [0.008451748536780433, -0.008405841316301182, -0.001996018371668259,
    0.00035084324295129416]
  distortion_model: radtan
  intrinsics: [381.2969779674194, 383.0543728967688, 320.09008913240496, 235.07108556891325]
  resolution: [640, 480]
  rostopic: /camera/infra1/image_rect_raw
